23
28617
9964474
461
71
15266
7
6568495
2
65
451
47
312
9928
1785189
2
19
211
73628
313
67544
996691
46
865196
89
2431
881283
124682
8
35
8
758176
92
5319319
1
6167767
722
2349
5442
63
6
1
5
53
6
4834718
4
3781
165
26
7
622
24
92523
54328558
971
8725
364
821
14
7149
364
41
4
5664
51678
37457
9373
71
44
19648
7569
69
668349
83
286
96
92444534
68
8157
84551
3
148
27
117
22229
2272
5986
936
218
11
58
1
22
86
57
5624
799
8816763
928712
5433
219535
94
6774659
9558
11
4855
49
872
29639
5254
5713
699
29
5
23792
662
4
2896
744
1
436
8347
3978
3688
57584
8
625
36545
99329
1611
8
925
1
2473891
1
68
525
69
645999
896342
41
292
5222
528
757954
3
29
38
2226
6362
43
81434
3
5943
335
644
357
8114
732891
4
572579
4
86
3
13899
5
4524
9522
33
9224
941
2412
331883
68
5
963697
924232
3441175
5767
254
9533
33
9168
653
5
164
41
3541
38917
582139
949
12
3
9212
585823
256
53
7111
68
24824643
99338
3972
9
427
163774
6
9953
8753
7
91
3173
451829
12945
1
91
616
661
946737
2
7566
797687
41
8989
5169
4621
252
66844
63914
76841
553
933333
196
53535
6341
787
6
38628
777
41916
44
49
521
27
59
66
3
29253
92518
6592
27616
9
186
65759947
9345
354
679839
44314
747
555
56887
9
55
4551879
6215
71
4
3771
6952
91565
56458
138431
56889677
7
7
38
3985
46
982
646719169
869
161969
395634
25439
31769
36495
4865
591
5313
6
813663529
171411
5127
75
81838
63384266
922384
3358
19
86
18
2531
54956
3
553
71688
5554
3452
25953
514
1
51593
68286
75
271
96
39578
6
49
7368
61
5498
63
419
9934
657482
846873
1992491
494
5198
6
89
6671
276
59269
9
69
443649
2
6658
593
6727
32
45816
277
6
8125
53644
6
475
6
379867385
1
3262275
85
5365944
7417
373
856
7
2639
65
56975
8247656
98
486338
483
618
55
2
982
2797894
1431
8986
9
42
49695
599
7
8
171
9
7129356
4945
5317
14
33818336
61
218
2662
93
9281
34726
342396
463
9234
395163
84
363
28
94971363
417
76327294
973
736
49194
2
4173
8
358
75844
4275
522
13
52348
2
929416
9777
836
52
34922
9
1539
16678
96488
48
837
93249
6982
1837
59
21
1
3987
259
6451
773743
8889
284
6412369
914
24
273
163
1462
75
67
74824
751
786158
15166
93
292
4625165
1363
36682
265357
41625
15754
59
9752
785
347
93
411
176
9
852
32961
42156
928
8239
359925
621
9254
3934
757
41
92
3
4361
521
98
646
6
65
853
41
88
9
388
9
41325
5988
43594538
64
596
16
28
23
67
891
9
81
27678383
31
86
812
648
577
71
8616
9
618511
8
3472
868
822
7254
223
58
5
35
45
1396
119954
269
93
7679
44494
988
12823
14
9
58
5
8596
949
4
86235
8973
314
276
7649
31222
87
3488
29833
953
8654
52
5648
76
4
562
7
42
218
897
81
56
2
624
4529
26
82639
27
98
748
253
234
73347259
325
318364
39
6665
8834272
67462
7
513
21
333191
2324
16
2313
22286
75778
799
613718
2745
9871
1
1828297
2529
42274
42517
45
6
2369
98978
8759681
86
6539
6715
959
3
59
7156
189
352773
8259
5196
117
7
64
8
8877
2
5466
7133
482
3974
631
14376
37319
3376851
27
3561
3
469
41734
73261
8535
17
168
1
575155
8554
2556
41342
26
53
6
53
978
53
12
55714
3894
94683
254
9673595
85238
91
1
9966539
7728
89
111
34
723
2118
43744
42
651
5
23
51983
435563
25
8
9852271
344
36892
791
4667
83
6932
689
6517
498721
4822
339
73
77
73756
485
421
5662
812
5835
3199
95486
798977
1821
15
453
39
88
431
1
671
92183
236
7
294
442
784765
56
2
61
81162
14475
35593
68
9844
48
1
917
4
2413
139
89197
6866
35382
6811
6581
8
29521
7955295
822
8514
444
53
22
15567147
8
178725
97458
32473
3596
5
548
9
964
6471
33
27512615
61
4516
4644873
84834
1829956
665721
54623
9
31397
3579
84997
9
72
38617
364
115724726
6747662
17
381
41
449
1
2
679449
1
231
8223
314
18592
767
618
755
3152
76121
89742
53
62127
971
7
94533
88143
8886
5229372
42852632
71454
588238
953
293
8768
87
939937
196
284
858958
7
26
583
65
116
8878
8741
7384
8
98
26
9249732
463
977
5228248
31
4567
623
62195
34
4489
9
9
863
98
564
62
79287
2
2131
3764
314426
17
69568
6334
27
677
739
2489
71
96
721
249
671
5137
614234
333
775977
47
259
893
144
627
1823
7156
45147
69151
5
95
838
315
4286
8
1
817
2315
5992638
9317
1719
6
42859
4787
8288
212
3976
279
845
158
3428859
44
38953
71
4971999
338
69879
53
53695962
126977
81
226473
6
9273
2366
6377
57524
167767
361
256
94999
4
2
8414
3
1
81
343
955
55
557386
475
45111
56337
21345
35619
9
4913
28475
28
83535
26575
3174
951516
64
491
231396
3556
986
932356
257
71
63142
83
53
124891
4
71339
8
11421
29485
81
843
698
271
7116
56463
8827
4288
3678
5766261
3552
881
1196
6
319
5472772
25
148
36113
133617
1
8
77294
2
9545955
9
4787
85778
3362
47
9221
93
646
1269
65
74911
8185
59867
854633
53585
7
54
8916183
2
7748
6826
2
9
9
68929945
1
86
35
81169
25961
1741
813
521
2
